back:7,38109,1,1,346,174,21,23,21,66,21,23,21,66,21,23,21,66,21,66,21,66,21,23,21,23,21,66,21,23,21,23,21,23,21,66,21,66,21,23,21,66,21,66,21,23,21,23,21,66,21,66,21,23,21,66,21,23,21,23,21,66,21,66,21,23,21,23,21,66,21,1602,346,174,21,23,21,66,21,23,21,66,21,23,21,66,21,66,21,66,21,23,21,23,21,66,21,23,21,23,21,23,21,66,21,66,21,23,21,66,21,66,21,23,21,23,21,66,21,66,21,66,21,66,21,23,21,23,21,66,21,66,21,23,21,23,21,23,21,3800
cursor right:3,38109,1,1,346,174,21,23,21,66,21,24,21,66,21,23,21,66,21,66,21,66,21,23,21,23,21,66,21,23,21,23,21,23,21,66,21,66,21,66,21,23,21,66,21,66,21,23,21,66,21,23,21,23,21,23,21,66,21,23,21,23,21,66,21,23,21,66,21,66,21,1602,346,174,21,23,21,66,21,23,21,66,21,23,21,66,21,66,21,66,21,23,21,23,21,66,21,23,21,23,21,23,21,66,21,66,21,66,21,23,21,66,21,66,21,23,21,66,21,23,21,66,21,23,21,66,21,23,21,23,21,66,21,23,21,66,21,23,21,3800
cursor left:9,37993,1,1,346,174,21,23,21,66,21,23,21,66,21,23,21,66,21,66,21,66,21,23,21,23,21,66,21,23,21,23,21,23,21,66,21,66,21,23,21,66,21,66,21,66,21,66,21,23,21,23,21,23,21,66,21,23,21,23,21,23,21,23,21,66,21,66,21,66,21,1597,346,174,21,23,21,66,21,23,21,66,21,23,21,66,21,66,21,66,21,23,21,23,21,67,21,23,21,23,21,23,21,66,21,66,21,23,21,66,21,66,21,66,21,66,21,23,21,23,22,65,21,66,21,23,21,23,21,23,21,23,21,66,21,66,21,23,21,3700
cursor up:1,37993,1,1,72,5,36,7,226,174,21,23,21,66,21,23,21,66,21,23,21,66,21,66,21,66,21,23,21,23,21,66,21,23,21,23,21,23,21,66,21,66,21,66,21,23,21,23,21,66,21,66,21,23,21,23,21,23,21,23,21,66,21,66,21,23,21,23,21,66,21,66,21,66,21,1597,249,8,30,9,50,174,21,23,20,68,19,23,21,66,21,23,21,66,21,66,21,66,21,23,21,23,21,66,21,23,21,23,21,23,21,66,21,66,15,72,21,23,21,23,21,66,21,66,21,23,21,23,21,66,21,23,21,66,21,66,21,23,21,23,21,66,21,66,21,23,18,3700
cursor down:12,38226,1,1,346,175,21,23,21,66,21,24,21,66,21,23,21,66,21,66,21,66,21,23,21,23,21,66,21,23,21,23,21,23,21,66,21,66,21,66,21,66,21,23,21,23,21,66,21,66,21,23,21,23,21,23,21,23,21,66,21,67,21,23,21,23,21,66,21,66,21,1607,346,175,21,23,21,66,21,23,21,66,21,23,21,66,21,66,21,66,21,23,21,23,21,66,21,23,21,23,21,23,21,66,21,66,21,66,21,66,21,23,21,23,21,66,21,66,21,23,21,66,21,23,21,23,21,66,21,66,21,23,21,23,21,66,21,23,21,3800
exit:7,38109,1,1,346,174,21,23,21,66,21,23,21,66,21,23,21,66,21,66,21,66,21,23,21,23,21,66,21,23,21,23,21,23,21,66,21,66,21,23,21,66,21,66,21,23,21,23,21,66,21,66,21,23,21,66,21,23,21,23,21,66,21,66,21,23,21,23,21,66,21,1602,346,174,21,23,21,66,21,23,21,66,21,23,21,66,21,66,21,66,21,23,21,23,21,66,21,23,21,23,21,23,21,66,21,66,21,23,21,66,21,66,21,23,21,23,21,66,21,66,21,66,21,66,21,23,21,23,21,66,21,66,21,23,21,23,21,23,21,3800
fast forward:17,38109,1,1,346,174,21,23,21,66,21,23,21,66,21,23,21,66,21,66,21,66,21,23,21,23,21,66,21,23,21,23,21,23,21,66,21,66,21,66,21,23,21,66,21,23,21,66,21,23,21,66,21,23,21,23,21,66,21,23,21,66,21,23,21,66,21,23,21,66,21,1602,346,174,21,23,21,66,21,23,21,66,21,23,21,66,21,66,21,66,21,23,21,23,21,66,21,23,21,23,21,23,21,66,21,66,21,66,21,23,21,66,21,23,21,66,21,23,21,66,21,66,21,23,21,66,21,23,21,66,21,23,21,66,21,23,21,23,21,3800
home:6,38109,1,1,346,174,21,23,21,66,21,23,21,66,21,23,21,66,21,66,21,66,21,23,21,23,21,66,21,23,21,23,21,23,21,66,21,66,21,66,21,66,21,23,21,23,21,23,21,23,21,23,21,23,21,23,21,23,21,66,21,66,21,66,21,66,21,66,21,66,21,3800
kids:23,38109,1,1,346,174,21,23,21,23,21,23,21,23,21,23,21,23,21,23,21,23,21,23,21,23,21,24,21,23,21,23,21,23,21,23,21,23,21,23,21,23,21,23,21,24,21,23,21,23,21,23,21,23,21,66,21,66,21,66,21,66,21,66,21,66,21,67,21,66,21,3800
my tv:18,38109,1,1,346,174,21,23,21,23,21,23,21,23,21,23,21,23,21,23,21,23,21,23,21,23,21,23,21,23,21,23,21,23,21,23,21,23,21,23,21,23,21,23,21,23,21,23,21,23,21,23,21,23,21,66,21,66,21,66,21,66,21,66,21,66,21,66,21,66,21,3800
ok:10,38109,1,1,346,174,21,23,21,66,21,23,21,66,21,23,21,66,21,66,21,66,21,23,21,23,21,66,21,23,21,23,21,23,21,66,21,66,21,23,21,66,21,23,21,66,21,23,21,66,21,23,21,23,21,66,21,23,21,66,21,23,21,66,21,23,21,66,21,66,21,1602,346,174,21,23,21,66,21,23,21,66,21,23,21,66,21,66,21,66,21,23,21,23,21,66,21,23,21,23,21,23,21,66,21,66,21,23,21,66,21,23,21,66,21,23,21,66,21,23,21,66,21,66,21,23,21,66,21,23,21,66,21,23,21,66,21,23,21,1602,346,174,21,23,21,66,21,23,21,66,21,23,21,66,21,66,22,66,21,23,21,23,21,66,21,23,21,23,21,23,21,66,21,66,21,23,21,66,21,23,21,66,21,23,21,66,21,23,21,66,21,66,21,23,21,66,21,23,21,66,21,23,21,66,21,23,21,3800
playpause:16,38109,1,1,346,174,21,23,21,66,21,23,21,66,21,23,21,66,21,66,21,66,21,23,21,23,21,66,21,23,21,23,21,23,21,66,21,66,21,23,21,23,21,66,21,66,21,23,21,23,21,66,21,23,21,66,21,66,21,23,21,23,21,66,21,66,21,23,21,66,21,1602,346,174,21,23,21,66,21,23,21,66,21,23,22,66,21,66,21,66,21,23,21,23,21,66,21,23,21,23,21,23,21,66,21,66,21,23,21,23,21,66,21,66,21,23,21,23,21,66,21,66,21,66,21,66,21,23,21,23,21,66,21,66,21,23,21,23,21,3800
rewind:15,38109,1,1,346,174,21,23,21,66,21,23,21,66,21,23,21,66,21,66,21,66,21,23,21,23,21,66,21,23,21,23,21,23,21,66,21,66,21,23,21,23,21,66,21,23,21,66,21,66,21,23,21,23,21,66,21,66,21,23,21,66,21,23,21,23,21,66,21,66,21,1602,346,174,21,23,21,66,21,23,21,66,21,23,21,66,21,66,21,66,21,23,21,23,21,66,21,23,21,23,21,23,21,66,21,66,21,23,21,23,21,66,21,23,21,66,21,66,21,23,21,66,21,66,21,66,21,23,21,66,22,23,21,23,21,66,21,23,21,3800
sky store:22,38109,1,1,344,175,21,23,21,66,21,23,21,66,21,23,21,66,21,66,21,66,21,23,21,23,21,66,21,23,21,23,21,23,21,66,21,66,21,23,21,23,21,23,21,66,21,66,21,23,21,23,21,23,21,66,21,66,21,66,21,23,21,23,21,66,21,66,21,66,21,3800
star:2,38109,1,1,346,174,21,23,21,66,21,23,21,66,21,23,21,66,21,66,21,66,21,23,21,23,21,66,21,23,21,23,21,23,21,66,21,66,21,66,21,23,21,23,21,23,21,23,21,66,21,66,21,23,21,23,21,66,21,66,21,66,21,66,21,23,21,23,21,66,21,1602,346,174,21,23,21,66,21,23,21,66,21,23,21,66,21,66,21,66,21,23,21,23,21,66,21,23,21,23,21,23,21,66,21,66,21,66,21,23,21,23,21,23,21,23,21,66,21,66,21,66,21,23,21,66,21,66,21,66,21,66,21,23,21,23,21,23,21,1602,346,174,21,23,21,66,21,23,21,66,21,23,21,66,21,66,21,66,21,23,21,23,21,66,21,23,21,23,21,23,21,66,21,66,21,66,21,23,21,23,21,23,21,23,21,66,21,66,21,66,21,23,21,66,21,66,21,66,21,66,21,23,21,23,21,23,21,3800
tv guide:20,38109,1,1,346,174,21,23,21,23,21,23,21,23,21,23,21,23,21,23,21,23,21,23,21,23,21,23,21,23,21,23,21,23,21,23,21,23,21,23,21,23,21,23,21,23,21,23,21,23,21,23,21,23,21,66,21,66,21,66,21,66,21,66,21,66,21,66,21,66,21,3800
