sky:1,36023,1,1,96,32,16,16,16,16,16,31,16,31,32,16,16,16,16,16,16,16,16,16,16,16,16,16,16,16,32,32,16,16,16,16,16,16,16,16,16,16,32,16,16,31,32,32,32,32,16,16,16,16,16,16,16,16,16,16,16,16,16,3600
search:1,36023,1,1,96,32,16,16,16,16,16,31,16,31,32,16,16,16,16,16,16,16,16,16,16,16,16,16,16,16,32,32,16,16,16,16,16,16,16,16,16,16,32,16,16,31,32,32,16,16,32,16,16,16,16,16,16,16,16,16,16,31,16,3600
power:2,36023,1,1,96,32,16,16,16,16,16,31,16,31,32,16,16,16,16,16,16,16,16,16,16,16,16,16,16,16,32,32,16,16,16,16,16,16,16,16,16,16,32,16,16,31,32,32,16,16,16,16,16,16,16,16,32,16,16,31,16,16,16,3600
play:1,36023,1,1,96,32,16,16,16,16,16,31,16,31,32,16,16,16,16,16,16,16,16,16,16,16,16,16,16,16,32,32,16,16,16,16,16,16,16,16,16,16,32,16,16,31,32,32,16,16,16,16,32,16,16,16,16,16,16,16,16,31,16,3600
pause:1,36023,1,1,96,32,16,16,16,16,16,31,16,31,32,16,16,16,16,16,16,16,16,16,16,16,16,16,16,16,32,32,16,16,16,16,16,16,16,16,16,16,32,16,16,31,32,32,16,16,16,16,32,16,16,16,16,16,16,16,16,31,16,3600
rewind:1,36127,1,1,96,32,16,16,16,16,16,31,16,31,32,16,16,16,16,16,16,16,16,16,16,16,16,16,16,16,32,32,16,16,16,16,16,16,16,16,16,16,32,16,16,31,32,32,16,16,16,16,32,16,16,16,16,16,16,31,32,3600
fast forward:1,35919,1,1,96,32,16,16,16,16,16,31,16,31,32,16,16,16,16,16,16,16,16,16,16,16,16,16,16,16,32,32,16,16,16,16,16,16,16,16,16,16,32,16,16,31,32,32,16,16,16,16,32,32,32,32,16,16,16,16,16,3500
cursor up:1,36023,1,1,96,32,16,16,16,16,16,31,16,31,32,16,16,16,16,16,16,16,16,16,16,16,16,16,16,16,32,32,16,16,16,16,16,16,16,16,16,16,32,16,16,31,32,32,16,16,32,32,32,16,16,31,16,16,16,16,16,3600
cursor left:1,36023,1,1,96,32,16,16,16,16,16,31,16,31,32,16,16,16,16,16,16,16,16,16,16,16,16,16,16,16,32,32,16,16,16,16,16,16,16,16,16,16,32,16,16,31,32,32,16,16,32,32,32,16,16,31,32,32,16,3600
select:1,36023,1,1,96,32,16,16,16,16,16,31,16,31,32,16,16,16,16,16,16,16,16,16,16,16,16,16,16,16,32,32,16,16,16,16,16,16,16,16,16,16,32,16,16,31,32,32,16,16,32,32,32,16,16,16,16,31,16,16,16,3600
cursor right:1,36023,1,1,96,32,16,16,16,16,16,31,16,31,32,16,16,16,16,16,16,16,16,16,16,16,16,16,16,16,32,32,16,16,16,16,16,16,16,16,16,16,32,16,16,31,32,32,16,16,32,32,32,16,16,31,32,16,16,3600
backup:1,36023,1,1,96,32,16,16,16,16,16,31,16,31,32,16,16,16,16,16,16,16,16,16,16,16,16,16,16,16,32,32,16,16,16,16,16,16,16,16,16,16,32,16,16,31,32,32,32,32,16,16,16,16,16,16,16,16,32,16,16,3600
apps:1,36023,1,1,96,32,16,16,16,16,16,31,16,31,32,16,16,16,16,16,16,16,16,16,16,16,16,16,16,16,32,32,16,16,16,16,16,16,16,16,16,16,32,16,16,31,32,32,32,16,16,16,16,16,16,31,32,32,32,3600
cursor down:1,36023,1,1,96,32,16,16,16,16,16,31,16,31,32,16,16,16,16,16,16,16,16,16,16,16,16,16,16,16,32,32,16,16,16,16,16,16,16,16,16,16,32,16,16,31,32,32,16,16,32,32,32,16,16,31,16,16,32,3600
tv guide:1,36023,1,1,96,32,16,16,16,16,16,31,16,31,32,16,16,16,16,16,16,16,16,16,16,16,16,16,16,16,32,32,16,16,16,16,16,16,16,16,16,16,32,16,16,31,32,32,32,16,16,31,16,16,32,16,16,31,16,16,16,3600
info:1,36023,1,1,96,32,16,16,16,16,16,31,16,31,32,16,16,16,16,16,16,16,16,16,16,16,16,16,16,16,32,32,16,16,16,16,16,16,16,16,16,16,32,16,16,31,32,32,32,16,16,31,16,16,32,32,32,16,16,3600
channel up:1,36023,1,1,96,32,16,16,16,16,16,31,16,31,32,16,16,16,16,16,16,16,16,16,16,16,16,16,16,16,32,32,16,16,16,16,16,16,16,16,16,16,32,16,16,31,32,32,16,16,16,16,32,32,16,16,16,16,16,16,16,16,16,3600
channel down:1,36023,1,1,96,32,16,16,16,16,16,31,16,31,32,16,16,16,16,16,16,16,16,16,16,16,16,16,16,16,32,32,16,16,16,16,16,16,16,16,16,16,32,16,16,31,32,32,16,16,16,16,32,32,16,16,16,16,16,16,32,3600
record:1,36023,1,1,96,32,16,16,16,16,16,31,16,31,32,16,16,16,16,16,16,16,16,16,16,16,16,16,16,16,32,32,16,16,16,16,16,16,16,16,16,16,32,16,16,31,32,32,16,16,32,32,16,16,16,16,16,16,16,16,16,16,16,3600
green button:2,36023,1,1,96,32,16,16,16,16,16,31,16,31,32,16,16,16,16,16,16,16,16,16,16,16,16,16,16,16,32,32,16,16,16,16,16,16,16,16,16,16,32,16,16,31,32,32,16,16,32,16,16,31,32,16,16,16,16,31,16,3600
red button:3,36023,1,1,96,32,16,16,16,16,16,31,16,31,32,16,16,16,16,16,16,16,16,16,16,16,16,16,16,16,32,32,16,16,16,16,16,16,16,16,16,16,32,16,16,31,32,32,16,16,32,16,16,31,32,16,16,31,32,3600
yellow button:4,36023,1,1,96,32,16,16,16,16,16,31,16,31,32,16,16,16,16,16,16,16,16,16,16,16,16,16,16,16,32,32,16,16,16,16,16,16,16,16,16,16,32,16,16,31,32,32,16,16,32,16,16,31,32,16,16,16,16,16,16,3600
blue button:5,36023,1,1,96,32,16,16,16,16,16,31,16,31,32,16,16,16,16,16,16,16,16,16,16,16,16,16,16,16,32,32,16,16,16,16,16,16,16,16,16,16,32,16,16,31,32,32,16,16,32,16,16,16,16,31,16,16,16,16,16,16,16,3600
1:6,36023,1,1,96,32,16,16,16,16,16,31,16,31,32,16,16,16,16,16,16,16,16,16,16,16,16,16,16,16,32,32,16,16,16,16,16,16,16,16,16,16,32,16,16,31,32,32,16,16,16,16,16,16,16,16,16,16,16,16,16,16,32,3600
2:1,36023,1,1,96,32,16,16,16,16,16,31,16,31,32,16,16,16,16,16,16,16,16,16,16,16,16,16,16,16,32,32,16,16,16,16,16,16,16,16,16,16,32,16,16,31,32,32,16,16,16,16,16,16,16,16,16,16,16,16,32,32,16,3600
3:1,35919,1,1,96,32,16,16,16,16,16,31,16,31,32,16,16,16,16,16,16,16,16,16,16,16,16,16,16,16,32,32,16,16,16,16,16,16,16,16,16,16,32,16,16,31,32,32,16,16,16,16,16,16,16,16,16,16,16,16,32,16,16,3500
4:1,36023,1,1,96,32,16,16,16,16,16,31,16,31,32,16,16,16,16,16,16,16,16,16,16,16,16,16,16,16,32,32,16,16,16,16,16,16,16,16,16,16,32,16,16,31,32,32,16,16,16,16,16,16,16,16,16,16,32,32,16,16,16,3600
5:1,36023,1,1,96,32,16,16,16,16,16,31,16,31,32,16,16,16,16,16,16,16,16,16,16,16,16,16,16,16,32,32,16,16,16,16,16,16,16,16,16,16,32,16,16,31,32,32,16,16,16,16,16,16,16,16,16,16,32,32,32,3600
6:1,36023,1,1,96,32,16,16,16,16,16,31,16,31,32,16,16,16,16,16,16,16,16,16,16,16,16,16,16,16,32,32,16,16,16,16,16,16,16,16,16,16,32,16,16,31,32,32,16,16,16,16,16,16,16,16,16,16,32,16,16,31,16,3600
7:1,36023,1,1,96,32,16,16,16,16,16,31,16,31,32,16,16,16,16,16,16,16,16,16,16,16,16,16,16,16,32,32,16,16,16,16,16,16,16,16,16,16,32,16,16,31,32,32,16,16,16,16,16,16,16,16,16,16,32,16,16,16,16,3600
8:1,36023,1,1,96,32,16,16,16,16,16,31,16,31,32,16,16,16,16,16,16,16,16,16,16,16,16,16,16,16,32,32,16,16,16,16,16,16,16,16,16,16,32,16,16,31,32,32,16,16,16,16,16,16,16,16,32,32,16,16,16,16,16,3600
9:1,36023,1,1,96,32,16,16,16,16,16,31,16,31,32,16,16,16,16,16,16,16,16,16,16,16,16,16,16,16,32,32,16,16,16,16,16,16,16,16,16,16,32,16,16,31,32,32,16,16,16,16,16,16,16,16,32,32,16,16,32,3600
0:1,36023,1,1,96,32,16,16,16,16,16,31,16,31,32,16,16,16,16,16,16,16,16,16,16,16,16,16,16,16,32,32,16,16,16,16,16,16,16,16,16,16,32,16,16,31,32,32,16,16,16,16,16,16,16,16,16,16,16,16,16,16,16,16,16,3600
?:1,36023,1,1,96,32,16,16,16,16,16,31,16,31,32,16,16,16,16,16,16,16,16,16,16,16,16,16,16,16,32,32,16,16,16,16,16,16,16,16,16,16,32,16,16,31,32,32,32,32,16,16,16,16,16,16,16,16,16,16,32,3600

